function y = Dawson5(x)

% 5-th order rational approximation of the Dawson integral function
% See www.dx.doi.org/10.3247/SL4Soft12.001

y = x.*x;
p = 1.0 + y.*(0.1049934947 + y.*(0.0424060604 ...
        + y.*(0.0072644182 + y.*(0.0005064034 ...
        + y.*(0.0001789971)))));
q = 1.0 + y.*(0.7715471019 + y.*(0.2909738639 ...
        + y.*(0.0694555761 + y.*(0.0140005442 ...
        + y.*(0.0008327945 + 2*0.0001789971.*y)))));
y = x.*(p./q);
